n;w
1;0,00218165464253804
2;0,00654492239324038
3;0,01090806554161380
4;0,01527100102207120
5;0,01963364577298260
6;0,02399591673824880
7;0,02835773086888630
8;0,03271900512460730
9;0,03707965647539470
10;0,04143960190309620
11;0,04579875840299000
12;0,05015704298537480
13;0,05451437267713410
14;0,05887066452334270
15;0,06322583558881770
16;0,06757980295971350
17;0,07193248374509760
18;0,07628379507851130
19;0,08063365411958399
20;0,08498197805557250
21;0,08932868410296120
22;0,09367368950901030
23;0,09801691155337700
24;0,10235826754964500
25;0,10669767484691700
26;0,11103505083139800
27;0,11537031292792900
28;0,11970337860162300
29;0,12403416535937400
30;0,12836259075146800
31;0,13268857237310799
32;0,13701202786604999
33;0,14133287492010899
34;0,14565103127474999
35;0,14996641472066399
36;0,15427894310128701
37;0,15858853431444900
38;0,16289510631384899
39;0,16719857711067199
40;0,17149886477509799
41;0,17579588743794200
42;0,18008956329213399
43;0,18437981059431299
44;0,18866654766638599
45;0,19294969289703900
46;0,19722916474337299
47;0,20150488173238301
48;0,20577676246254401
49;0,21004472560530801
50;0,21430868990676000
51;0,21856857418905901
52;0,22282429735202899
53;0,22707577837471099
54;0,23132293631684500
55;0,23556569032051500
56;0,23980395961160700
57;0,24403766350137099
58;0,24826672138791500
59;0,25249105275785200
60;0,25671057718770701
61;0,26092521434552401
62;0,26513488399237201
63;0,26933950598382700
64;0,27353900027161299
65;0,27773328690502502
66;0,28192228603247199
67;0,28610591790298601
68;0,29028410286783002
69;0,29445676138187699
70;0,29862381400522803
71;0,30278518140467803
72;0,30694078435520600
73;0,31109054374157102
74;0,31523438055972902
75;0,31937221591837600
76;0,32350397104039103
77;0,32762956726446801
78;0,33174892604649803
79;0,33586196896107801
80;0,33996861770306303
81;0,34406879408893098
82;0,34816242005849102
83;0,35224941767613299
84;0,35632970913246198
85;0,36040321674567699
86;0,36446986296317402
87;0,36852957036292100
88;0,37258226165494901
89;0,37662785968287299
90;0,38066628742526498
91;0,38469746799723997
92;0,38872132465184500
93;0,39273778078154098
94;0,39674675991958502
95;0,40074818574168197
96;0,40474198206720502
97;0,40872807286079899
98;0,41270638223380601
99;0,41667683444558201
100;0,42063935390517698
101;0,42459386517255399
102;0,42854029296015500
103;0,43247856213420000
104;0,43640859771635798
105;0,44033032488488899
106;0,44424366897627898
107;0,44814855548657501
108;0,45204491007271502
109;0,45593265855421899
110;0,45981172691429600
111;0,46368204130144303
112;0,46754352803067800
113;0,47139611358522898
114;0,47523972461764502
115;0,47907428795130902
116;0,48289973058189800
117;0,48671597967856300
118;0,49052296258562100
119;0,49432060682368500
120;0,49810884009116002
121;0,50188759026549701
122;0,50565678540484105
123;0,50941635374904903
124;0,51316622372134402
125;0,51690632392950997
126;0,52063658316722405
127;0,52435693041569098
128;0,52806729484459103
129;0,53176760581378502
130;0,53545779287436002
131;0,53913778577025095
132;0,54280751443937003
133;0,54646690901505801
134;0,55011589982727904
135;0,55375441740419395
136;0,55738239247315202
137;0,56099975596236795
138;0,56460643900186502
139;0,56820237292518605
140;0,57178748927024303
141;0,57536171978110795
142;0,57892499640894701
143;0,58247725131344896
144;0,58601841686413603
145;0,58954842564161902
146;0,59306721043889599
147;0,59657470426255998
148;0,60007084033427605
149;0,60355555209175504
150;0,60702877319032800
151;0,61049043750395104
152;0,61394047912659300
153;0,61737883237355995
154;0,62080543178256098
155;0,62422021211511503
156;0,62762310835764201
157;0,63101405572294500
158;0,63439298965109003
159;0,63775984581105005
160;0,64111456010157097
161;0,64445706865248997
162;0,64778730782619698
163;0,65110521421844103
164;0,65441072465986805
165;0,65770377621704201
166;0,66098430619373205
167;0,66425225213201200
168;0,66750755181362198
169;0,67075014326093796
170;0,67397996473830801
171;0,67719695475319697
172;0,68040105205723700
173;0,68359219564765294
174;0,68677032476808997
175;0,68993537891011303
176;0,69308729781405598
177;0,69622602147039703
178;0,69935149012074804
179;0,70246364425910301
180;0,70556242463291496
181;0,70864777224414899
182;0,71171962835062696
183;0,71477793446690396
184;0,71782263236556398
185;0,72085366407810003
186;0,72387097189639804
187;0,72687449837339102
188;0,72986418632453598
189;0,73283997882861596
190;0,73580181922894194
191;0,73874965113460100
192;0,74168341842111396
193;0,74460306523198305
194;0,74750853597932398
195;0,75039977534531399
196;0,75327672828292902
197;0,75613934001714800
198;0,75898755604599299
199;0,76182132214153497
200;0,76464058435094395
201;0,76744528899742603
202;0,77023538268149805
203;0,77301081228162305
204;0,77577152495562895
205;0,77851746814132305
206;0,78124858955790599
207;0,78396483720655696
208;0,78666615937170703
209;0,78935250462196904
210;0,79202382181096798
211;0,79468006007854097
212;0,79732116885152504
213;0,79994709784484697
214;0,80255779706231201
215;0,80515321679784302
216;0,80773330763610096
217;0,81029802045361499
218;0,81284730641972402
219;0,81538111699741600
220;0,81789940394434701
221;0,82040211931361395
222;0,82288921545489402
223;0,82536064501515205
224;0,82781636093957200
225;0,83025631647268106
226;0,83268046515874306
227;0,83508876084326100
228;0,83748115767336695
229;0,83985761009899196
230;0,84221807287348105
231;0,84456250105479003
232;0,84689085000589803
233;0,84920307539614004
234;0,85149913320173398
235;0,85377897970657801
236;0,85604257150342999
237;0,85828986549428399
238;0,86052081889170196
239;0,86273538921895199
240;0,86493353431166597
241;0,86711521231776001
242;0,86928038169899002
243;0,87142900123126299
244;0,87356103000547802
245;0,87567642742867102
246;0,87777515322425503
247;0,87985716743315501
248;0,88192243041449503
249;0,88397090284623903
250;0,88600254572610904
251;0,88801732037215897
252;0,89001518842365901
253;0,89199611184170402
254;0,89396005291006297
255;0,89590697423573995
256;0,89783683874992204
257;0,89974960970831797
258;0,90164525069229995
259;0,90352372560923899
260;0,90538499869337297
261;0,90722903450646897
262;0,90905579793845004
263;0,91086525420807096
264;0,91265736886361604
265;0,91443210778356299
266;0,91618943717719104
267;0,91792932358519397
268;0,91965173388042998
269;0,92135663526847700
270;0,92304399528822401
271;0,92471378181261898
272;0,92636596304906604
273;0,92800050754029395
274;0,92961738416474804
275;0,93121656213727899
276;0,93279801100967197
277;0,93436170067135205
278;0,93590760134974904
279;0,93743568361107998
280;0,93894591836075703
281;0,94043827684401204
282;0,94191273064647196
283;0,94336925169456898
284;0,94480781225627997
285;0,94622838494144801
286;0,94763094270239900
287;0,94901545883454097
288;0,95038190697667302
289;0,95173026111171100
290;0,95306049556694805
291;0,95437258501479905
292;0,95566650447304602
293;0,95694222930551398
294;0,95819973522233703
295;0,95943899828064005
296;0,96065999488482401
297;0,96186270178704703
298;0,96304709608782202
299;0,96421315523618301
300;0,96536085703034002
301;0,96649017961799599
302;0,96760110149684098
303;0,96869360151483597
304;0,96976765887070704
305;0,97082325311437001
306;0,97186036414723598
307;0,97287897222263697
308;0,97387905794620000
309;0,97486060227623095
310;0,97582358652404100
311;0,97676799235432399
312;0,97769380178551202
313;0,97860099719011095
314;0,97948956129503995
315;0,98035947718194605
316;0,98121072828752798
317;0,98204329840388604
318;0,98285717167879605
319;0,98365233261602303
320;0,98442876607558305
321;0,98518645727412402
322;0,98592539178506500
323;0,98664555553905697
324;0,98734693482404901
325;0,98802951628569602
326;0,98869328692755398
327;0,98933823411133803
328;0,98996434555716695
329;0,99057160934377098
330;0,99116001390877595
331;0,99172954804885904
332;0,99228020092002001
333;0,99281196203772804
334;0,99332482127716804
335;0,99381876887342502
336;0,99429379542164698
337;0,99474989187726803
338;0,99518704955611903
339;0,99560526013464801
340;0,99600451565005998
341;0,99638480850045796
342;0,99674613144500201
343;0,99708847760404096
344;0,99741184045923503
345;0,99771621385371501
346;0,99800159199214000
347;0,99826796944086704
348;0,99851534112801998
349;0,99874370234359700
350;0,99895304873955504
351;0,99914337632990502
352;0,99931468149077596
353;0,99946696096047605
354;0,99960021183958503
355;0,99971443159097895
356;0,99980961803988899
357;0,99988576937395002
358;0,99994288414322696
359;0,99998096126024105
360;1,00000000000000000
361;1,00000000000000000
362;0,99998096126024105
363;0,99994288414322696
364;0,99988576937395002
365;0,99980961803988899
366;0,99971443159097895
367;0,99960021183958503
368;0,99946696096047605
369;0,99931468149077596
370;0,99914337632990502
371;0,99895304873955404
372;0,99874370234359700
373;0,99851534112801998
374;0,99826796944086704
375;0,99800159199214000
376;0,99771621385371501
377;0,99741184045923503
378;0,99708847760404096
379;0,99674613144500201
380;0,99638480850045896
381;0,99600451565005998
382;0,99560526013464801
383;0,99518704955611903
384;0,99474989187726803
385;0,99429379542164698
386;0,99381876887342502
387;0,99332482127716804
388;0,99281196203772804
389;0,99228020092002001
390;0,99172954804885904
391;0,99116001390877595
392;0,99057160934377098
393;0,98996434555716795
394;0,98933823411133803
395;0,98869328692755498
396;0,98802951628569602
397;0,98734693482404901
398;0,98664555553905597
399;0,98592539178506600
400;0,98518645727412402
401;0,98442876607558405
402;0,98365233261602203
403;0,98285717167879505
404;0,98204329840388604
405;0,98121072828752698
406;0,98035947718194705
407;0,97948956129504094
408;0,97860099719011095
409;0,97769380178551302
410;0,97676799235432399
411;0,97582358652404100
412;0,97486060227623095
413;0,97387905794620000
414;0,97287897222263797
415;0,97186036414723698
416;0,97082325311437001
417;0,96976765887070804
418;0,96869360151483497
419;0,96760110149684098
420;0,96649017961799599
421;0,96536085703034002
422;0,96421315523618301
423;0,96304709608782102
424;0,96186270178704703
425;0,96065999488482401
426;0,95943899828064005
427;0,95819973522233703
428;0,95694222930551398
429;0,95566650447304602
430;0,95437258501479805
431;0,95306049556694805
432;0,95173026111171100
433;0,95038190697667302
434;0,94901545883453997
435;0,94763094270239900
436;0,94622838494144801
437;0,94480781225627997
438;0,94336925169456898
439;0,94191273064647196
440;0,94043827684401204
441;0,93894591836075703
442;0,93743568361107998
443;0,93590760134975004
444;0,93436170067135205
445;0,93279801100967197
446;0,93121656213727899
447;0,92961738416474804
448;0,92800050754029395
449;0,92636596304906604
450;0,92471378181261898
451;0,92304399528822401
452;0,92135663526847700
453;0,91965173388042998
454;0,91792932358519397
455;0,91618943717719104
456;0,91443210778356299
457;0,91265736886361604
458;0,91086525420807096
459;0,90905579793845104
460;0,90722903450646797
461;0,90538499869337297
462;0,90352372560923899
463;0,90164525069229995
464;0,89974960970831797
465;0,89783683874992204
466;0,89590697423574095
467;0,89396005291006297
468;0,89199611184170502
469;0,89001518842365801
470;0,88801732037215897
471;0,88600254572611004
472;0,88397090284623903
473;0,88192243041449603
474;0,87985716743315501
475;0,87777515322425503
476;0,87567642742867102
477;0,87356103000547802
478;0,87142900123126299
479;0,86928038169899002
480;0,86711521231776001
481;0,86493353431166597
482;0,86273538921895099
483;0,86052081889170196
484;0,85828986549428399
485;0,85604257150342999
486;0,85377897970657801
487;0,85149913320173398
488;0,84920307539614004
489;0,84689085000589803
490;0,84456250105479003
491;0,84221807287348105
492;0,83985761009899196
493;0,83748115767336695
494;0,83508876084326100
495;0,83268046515874194
496;0,83025631647268106
497;0,82781636093957200
498;0,82536064501515205
499;0,82288921545489402
500;0,82040211931361395
501;0,81789940394434801
502;0,81538111699741600
503;0,81284730641972303
504;0,81029802045361499
505;0,80773330763610096
506;0,80515321679784302
507;0,80255779706231201
508;0,79994709784484597
509;0,79732116885152504
510;0,79468006007854197
511;0,79202382181096798
512;0,78935250462196904
513;0,78666615937170703
514;0,78396483720655596
515;0,78124858955790599
516;0,77851746814132305
517;0,77577152495562895
518;0,77301081228162305
519;0,77023538268149805
520;0,76744528899742603
521;0,76464058435094395
522;0,76182132214153397
523;0,75898755604599299
524;0,75613934001714800
525;0,75327672828292902
526;0,75039977534531299
527;0,74750853597932398
528;0,74460306523198305
529;0,74168341842111396
530;0,73874965113460100
531;0,73580181922894194
532;0,73283997882861596
533;0,72986418632453498
534;0,72687449837339102
535;0,72387097189639804
536;0,72085366407810003
537;0,71782263236556398
538;0,71477793446690396
539;0,71171962835062796
540;0,70864777224414899
541;0,70556242463291496
542;0,70246364425910401
543;0,69935149012074804
544;0,69622602147039603
545;0,69308729781405598
546;0,68993537891011303
547;0,68677032476808997
548;0,68359219564765294
549;0,68040105205723700
550;0,67719695475319697
551;0,67397996473830901
552;0,67075014326093796
553;0,66750755181362198
554;0,66425225213201200
555;0,66098430619373205
556;0,65770377621704201
557;0,65441072465986805
558;0,65110521421844103
559;0,64778730782619798
560;0,64445706865248997
561;0,64111456010157097
562;0,63775984581104905
563;0,63439298965109003
564;0,63101405572294500
565;0,62762310835764201
566;0,62422021211511403
567;0,62080543178256098
568;0,61737883237356095
569;0,61394047912659300
570;0,61049043750395104
571;0,60702877319032900
572;0,60355555209175504
573;0,60007084033427605
574;0,59657470426255998
575;0,59306721043889599
576;0,58954842564162002
577;0,58601841686413603
578;0,58247725131344896
579;0,57892499640894701
580;0,57536171978110795
581;0,57178748927024303
582;0,56820237292518605
583;0,56460643900186502
584;0,56099975596236895
585;0,55738239247315202
586;0,55375441740419395
587;0,55011589982727804
588;0,54646690901505801
589;0,54280751443936903
590;0,53913778577025095
591;0,53545779287436002
592;0,53176760581378502
593;0,52806729484459103
594;0,52435693041569098
595;0,52063658316722405
596;0,51690632392951097
597;0,51316622372134502
598;0,50941635374904903
599;0,50565678540484105
600;0,50188759026549701
601;0,49810884009116002
602;0,49432060682368500
603;0,49052296258562200
604;0,48671597967856300
605;0,48289973058189900
606;0,47907428795130902
607;0,47523972461764502
608;0,47139611358522998
609;0,46754352803067700
610;0,46368204130144303
611;0,45981172691429600
612;0,45593265855421800
613;0,45204491007271502
614;0,44814855548657501
615;0,44424366897627898
616;0,44033032488488899
617;0,43640859771635798
618;0,43247856213420000
619;0,42854029296015500
620;0,42459386517255399
621;0,42063935390517698
622;0,41667683444558301
623;0,41270638223380601
624;0,40872807286079899
625;0,40474198206720502
626;0,40074818574168197
627;0,39674675991958502
628;0,39273778078153998
629;0,38872132465184500
630;0,38469746799723997
631;0,38066628742526498
632;0,37662785968287299
633;0,37258226165494901
634;0,36852957036292100
635;0,36446986296317402
636;0,36040321674567699
637;0,35632970913246198
638;0,35224941767613299
639;0,34816242005849102
640;0,34406879408893098
641;0,33996861770306303
642;0,33586196896107801
643;0,33174892604649803
644;0,32762956726446801
645;0,32350397104039103
646;0,31937221591837600
647;0,31523438055972902
648;0,31109054374157102
649;0,30694078435520600
650;0,30278518140467803
651;0,29862381400522903
652;0,29445676138187699
653;0,29028410286783002
654;0,28610591790298601
655;0,28192228603247199
656;0,27773328690502502
657;0,27353900027161299
658;0,26933950598382700
659;0,26513488399237101
660;0,26092521434552401
661;0,25671057718770701
662;0,25249105275785200
663;0,24826672138791500
664;0,24403766350136999
665;0,23980395961160700
666;0,23556569032051600
667;0,23132293631684400
668;0,22707577837471099
669;0,22282429735202899
670;0,21856857418905901
671;0,21430868990676000
672;0,21004472560530801
673;0,20577676246254401
674;0,20150488173238301
675;0,19722916474337401
676;0,19294969289703900
677;0,18866654766638599
678;0,18437981059431299
679;0,18008956329213499
680;0,17579588743794200
681;0,17149886477509799
682;0,16719857711067199
683;0,16289510631384899
684;0,15858853431444900
685;0,15427894310128801
686;0,14996641472066499
687;0,14565103127474999
688;0,14133287492011001
689;0,13701202786604999
690;0,13268857237310799
691;0,12836259075146800
692;0,12403416535937400
693;0,11970337860162200
694;0,11537031292792800
695;0,11103505083139800
696;0,10669767484691700
697;0,10235826754964400
698;0,09801691155337700
699;0,09367368950901050
700;0,08932868410296101
701;0,08498197805557250
702;0,08063365411958399
703;0,07628379507851130
704;0,07193248374509741
705;0,06757980295971350
706;0,06322583558881791
707;0,05887066452334250
708;0,05451437267713430
709;0,05015704298537480
710;0,04579875840299010
711;0,04143960190309600
712;0,03707965647539490
713;0,03271900512460710
714;0,02835773086888590
715;0,02399591673824900
716;0,01963364577298280
717;0,01527100102207120
718;0,01090806554161400
719;0,00654492239324038
720;0,00218165464253804
